0
0
0
0
0
0
0
0
0
0
0
0
0
0
0
0
0
0
0
0
0
0
0
0
0
0
0
0
0
0
0
0
0
0
0
0
0
0
0
0
0
0
0
0
0
0
0
0
0
0
0
0
0
0
0
0
0
0
0
0
0
0
0
0
0
0
0
0
0
0
0
0
0
0
0
0
0
0
0
0
0
0
0
0
0
0
0
0
0
0
0
0
0
0
0
0
0
0
0
0
0
0
0
0
0
0
0
0
0
0
0
0
0
0
0
0
0
0
0
0
0
0
0
0
0
0
0
0
0
0
0
0
0
0
0
0
0
0
0
0
0
0
0
0
0
0
0
0
0
0
0
0
0
0
0
0
0
0
0
0
0
0
0
0
0
0
0
0
0
0
0
0
0
0
0
0
0
0
0
0
0
0
0
0
0
0
0
0
0
0
0
0
0
0
0
0
0
0
0
0
0
0
0
0
0
0
0
0
0
0
0
0
0
0
0
0
0
0
0
0
0
0
0
0
0
0
0
0
0
0
0
0
0
0
0
0
0
0
0
0
0
0
0
0
0
0
0
0
0
0
0
0
0
0
0
0
0
0
0
0
0
0
0
0
0
0
0
0
0
0
0
0
0
0
0
0
0
0
0
0
0
0
0
0
0
0
0
0
0
0
0
0
0
0
0
0
0
0
0
0
0
0
0
0
0
0
0
0
0
0
0
0
0
0
0
0
0
0
0
0
0
0
0
0
0
0
0
0
0
0
0
0
0
0
0
0
0
0
0
0
0
0
0
0
0
0
0
0
0
0
0
0
0
0
0
0
0
0
0
0
0
0
0
0
0
0
0
0
0
0
0
0
0
0
0
0
0
0
0
0
0
0
0
0
0
0
0
0
0
0
0
0
0
0
0
0
0
0
0
0
0
0
0
0
0
0
0
0
0
0
0
0
0
0
0
0
0
0
0
0
0
0
0
0
0
0
0
0
0
0
0
0
0
0
0
0
0
0
0
0
0
0
0
0
0
0
0
0
0
0
0
0
0
0
0
0
0
0
0
0
0
0
0
0
0
0
0
0
0
0
0
0
0
0
0
0
0
0
0
0
0
0
0
0
0
0
0
0
0
0
0
0
0
0
0
0
0
0
0
0
0
0
0
0
0
0
0
0
0
0
0
0
0
0
0
0
0
0
0
0
0
0
0
0
0
0
0
0
0
0
0
0
0
0
0
0
0
0
0
0
0
0
0
0
0
0
0
0
0
0
0
0
0
0
0
0
0
0
0
0
0
0
0
0
0
0
0
0
0
0
0
0
0
0
0
0
0
0
0
0
0
0
0
0
0
0
0
0
0
0
0
0
0
0
0
0
0
0
0
0
0
0
0
0
0
0
0
0
0
0
0
0
0
0
0
0
0
0
0
0
0
0
0
0
0
0
0
0
0
0
0
0
0
0
0
0
0
0
0
0
0
0
0
0
0
0
0
0
0
0
0
0
0
0
0
0
0
0
0
0
0
0
0
0
0
0
0
0
0
0
0
0
0
0
0
0
0
0
0
0
0
0
0
0
0
0
0
0
0
0
0
0
0
0
0
0
0
0
0
0
0
0
0
0
0
0
0
0
0
0
0
0
0
0
0
0
0
0
0
0
0
0
0
0
0
0
0
0
0
0
0
0
0
0
0
0
0
0
0
0
0
0
0
0
0
0
0
0
0
0
0
0
0
0
0
0
0
0
0
0
0
0
0
0
0
0
0
0
0
0
0
0
0
0
0
0
0
0
0
0
0
0
0
0
0
0
0
0
0
0
0
0
0
0
0
0
0
0
0
0
0.000762939
0.000762939
0.000762939
0.000762939
0.000762939
0.000762939
-0.00667572
0.000762939
0.000762939
0.000762939
0.0043869
0.0043869
0.0043869
0.0043869
0.0043869
0.0043869
-0.0391483
0.0043869
0.0043869
0.0043869
0.00443459
0.00443459
0.00443459
0.00443459
0.00443459
0.00443459
-0.0396729
0.00443459
0.00443459
0.00443459
0
0
0
0
0
0
0
0
0
0
0
0
0
0
0
0
0
0
0
0
0
0
0
0
0
0
0
0
0
0
0
0
0
0
0
0
0
0
0
0
0
0
0
0
0
0
0
0
0
0
0
0
0
0
0
0
0
0
0
0
0
0
0
0
0
0
0
0
0
0
0
0
0
0
0
0
0
0
0
0
0
0
0
0
0
0
0
0
0
0
0
0
0
0
0
0
0
0
0
0
0
0
0
0
0
0
0
0
0
0
0
0
0
0
0
0
0
0
0
0
0
0
0
0
0
0
0
0
0
0
0
0
0
0
0
0
0
0
0
0
0
0
0
0
0
0
0
0
0
0
0
0
0
0
0
0
0
0
0
0
0
0
0
0
0
0
0
0
0
0
0
0
0
0
0
0
0
0
0
0
0
0
0
0
0
0
0
0
0
0
0
0
0
0
0
0
0
0
0
0
0
0
0
0
0
0
0
0
0
0
0
0
0
0
0
0
0
0
0
0
0
0
0
0
0
0
0
0
0
0
0
0
0
0
0
0
0
0
0
0
0
0
0
0
0
0
0
0
0
0
0
0
0
0
0
0
0
0
0
0
0
0
0
0
0
0
0
0
0
0
0
0
0
0
0
0
0
0
0
0
0.00290871
0.00290871
0.00290871
0.00290871
0.00290871
0.00290871
-0.0259399
0.00290871
0.00290871
0.00290871
0.00529289
0.00529289
0.00529289
0.00529289
0.00529289
0.00529289
-0.0472546
0.00529289
0.00529289
0.00529289
0.00829697
0.00829697
0.00829697
0.00829697
0.00829697
0.00829697
-0.0742435
0.00829697
0.00829697
0.00829697
0.00839233
0.00839233
0.00839233
0.00839233
0.00839233
0.00839233
-0.0751495
0.00839233
0.00839233
0.00839233
0.000762939
0.000762939
0.000762939
0.000762939
0.000762939
0.000762939
-0.00705719
0.000762939
0.000762939
0.000762939
0
0
0
0
0
0
0
0
0
0
0
0
0
0
0
0
0
0
0
0
0
0
0
0
0
0
0
0
0
0
0
0
0
0
0
0
0
0
0
0
0
0
0
0
0
0
0
0
0
0
0
0
0
0
0
0
0
0
0
0
0
0
0
0
0
0
0
0
0
0
0
0
0
0
0
0
0
0
0
0
0
0
0
0
0
0
0
0
0
0
0
0
0
0
0
0
0
0
0
0
0
0
0
0
0
0
0
0
0
0
0
0
0
0
0
0
0
0
0
0
0
0
0
0
0
0
0
0
0
0
0
0
0
0
0
0
0
0
0
0
0
0
0
0
0
0
0
0
0
0
0
0
0
0
0
0
0
0
0
0
0
0
0
0
0
0
0
0
0
0
0
0
0
0
0
0
0
0
0
0
0
0
0
0
0
0
0
0
0
0
0
0
0
0
0
0
0
0
0
0
0
0
0
0
0
0
0
0
0
0
0
0
0
0
0
0
0
0
0
0
0
0
0
0
0
0
0
0
0
0
0.000858307
0.000858307
0.000858307
-0.00739098
0.000858307
0.000858307
0.000858307
0.000858307
0.000858307
0.000858307
0.00514984
-0.0232697
0.00514984
-0.0179768
0.00514984
0.00514984
0.00514984
0.00514984
0.00514984
0.00514984
0.00977516
-0.0402451
0.00977516
-0.0331402
0.00977516
0.00977516
0.00529289
0.00977516
0.00977516
0.00977516
0.011301
-0.0300884
0.011301
-0.0212669
0.011301
0.011301
-0.0273228
0.011301
0.011301
0.011301
4.76837e-05
0.00395775
0.0100613
-0.0130653
0.0100613
0.0100613
-0.0509262
0.0100613
0.0100613
0.0100613
-0.0160217
0.0151634
0.0151634
-0.00796318
0.0151634
0.0151634
-0.0816822
0.0151157
0.0151157
0.0151157
-0.0360489
0.0135422
0.0135422
0.0123501
0.0135422
0.0135422
-0.0706196
0.0135422
0.0135422
0.0135422
-0.0248432
0.00629425
0.00629425
0.00629425
0.00629425
0.00629425
-0.0254631
0.00629425
0.00629425
0.00629425
-0.00844002
0.00133514
0.00133514
0.00133514
0.00133514
0.00133514
-0.00200272
0.00133514
0.00133514
0.00133514
0
0
0
0
0
0
0
0
0
0
0
0
0
0
0
0
0
0
0
0
0.00371933
0.00371933
0.00371933
0.00371933
-0.0333309
0.00371933
0.00371933
0.00371933
0.00371933
0.00371933
0.00376701
0.00376701
0.00376701
0.00376701
-0.0335217
0.00376701
0.00376701
0.00376701
0.00376701
0.00376701
0
0
0
0
0
0
0
0
0
0
0
0
0
0
0
0
0
0
0
0
0
0
0
0
0
0
0
0
0
0
0
0
0
0
0
0
0
0
0
0
0
0
0
0
0
0
0
0
0
0
0
0
0
0
0
0
0
0
0
0
0
0
0
0
0
0
0
0
0
0
0
0
0
0
0
0
0
0
0
0
0
0
0
0
0
0
0
0
0
0
0
0
0
0
0
0
0
0
0
0
0
0
0
0
0
0
0
0
0
0
0.000238419
0.000238419
0.000238419
-0.00209808
0.000238419
0.000238419
0.000238419
0.000238419
0.000238419
0.000238419
0.00195503
0.00195503
0.00195503
-0.0174522
0.00195503
0.00195503
0.00195503
0.00195503
0.00195503
0.00195503
0.00181198
0.00181198
0.00181198
-0.0160694
0.00181198
0.00181198
0.00181198
0.00181198
0.00181198
0.00181198
0.00281334
0.00281334
0.00281334
-0.025034
0.00281334
0.00281334
0.00281334
0.00281334
0.00281334
0.00281334
0.00305176
0.00305176
0.00305176
-0.0273228
0.00305176
0.00305176
0.00305176
0.00305176
0.00305176
0.00305176
0.00486374
0.00486374
0.00486374
-0.0433922
0.00486374
0.00486374
0.00486374
0.00486374
0.00486374
0.00486374
0.00357628
0.00357628
0.00357628
-0.0320911
0.00357628
0.00357628
0.00357628
0.00357628
0.00357628
0.00357628
0.00510216
0.00510216
0.00510216
-0.0454903
0.00510216
0.00510216
0.00510216
0.00510216
0.00510216
0.00510216
0.0110149
0.00452995
-0.00724792
-0.0742912
0.0110149
0.0110149
0.0110149
0.0110149
0.0110149
0.0110149
0.0209332
-0.0594139
-0.0112534
-0.0677109
0.0209332
0.0203609
0.0134945
0.0209332
0.0209332
0.0209332
0.0290871
-0.0803947
-0.0123024
-0.071764
0.0290871
0.0255108
-0.0058651
0.0289917
0.0289917
0.0289917
0.0251293
-0.0589848
-0.0144958
-0.0909328
0.034523
0.0310421
-0.0296116
0.034523
0.034523
0.034523
-0.0142574
0.0184536
-0.0191689
-0.0771999
0.0323772
0.0288963
-0.0656605
0.0323772
0.0323772
0.0323772
-0.0226498
0.0267506
-0.0161648
-0.07267
0.0267506
0.0020504
-0.0242233
0.0267506
0.0267506
0.0267506
-0.031805
0.0175953
-0.00500679
-0.0449181
0.0175953
-0.00905991
0.00290871
0.0175953
0.0175953
0.0175953
-0.0312328
-0.0061512
-0.00576973
-0.0314236
0.0181675
-0.0161171
0.0181675
0.0181675
0.0181675
0.0181675
-0.0309944
-0.0341415
0.0140667
-0.0341415
0.0154495
0.0103474
0.0154495
0.0154495
0.0133038
0.0154495
0.0169754
-0.0330448
0.0169754
-0.0171661
0.00386238
-0.0155449
0.0169754
0.0169754
-0.0227928
0.0169754
0.0182629
0.0058651
0.0182629
0.0170708
-0.0553131
-0.0317574
0.0182629
0.0182629
-0.0266552
0.0182629
0.0111103
0.0111103
0.0111103
0.0111103
-0.0449657
-0.0373363
0.0111103
0.0111103
0.00486374
0.0111103
0.00548363
0.00548363
0.00548363
0.00548363
-0.0245094
-0.0194073
0.00548363
0.00548363
0.00548363
0.00548363
0
0
0
0
0
0
0
0
0
0
0
0
0
0
0
0
0
0
0
0
0
0
0
0
0
0
0
0
0
0
0
0
0
0
0
0
0
0
0
0
0
0
0
0
0
0
0
0
0
0
0
0
0
0
0
0
0
0
0
0
0
0
0
0
0
0
0
0
0
0
0
0
0
0
0
0
0
0
0
0
0
0
0
0
0
0
0
0
0
0
0
0
0
0
0
0
0
0
0
0
0
0
0
0
0
0
0
0
0
0
0.00271797
0.00271797
0.00271797
-0.0243187
0.00271797
0.00271797
0.00271797
0.00271797
0.00271797
0.00271797
0.00624657
0.00624657
0.00624657
-0.0435829
-0.00596046
0.00624657
0.00624657
0.00624657
0.00624657
0.00624657
0.00662804
0.00662804
0.00662804
-0.0432014
-0.00925064
0.00662804
0.00662804
0.00658035
0.00658035
0.00658035
0.00500679
0.00500679
0.00500679
-0.0448227
0.00500679
0.00500679
0.00500679
0.00500679
0.00500679
0.00500679
0.00500679
0.00500679
0.00500679
-0.0448227
0.00500679
0.00500679
0.00500679
0.00500679
0.00500679
0.00500679
0.00562668
0.00562668
0.00562668
-0.0442028
0.00562668
-0.000286102
0.00562668
0.00557899
0.00557899
0.00557899
0.00696182
0.00696182
0.00300407
-0.0513077
0.00696182
-9.53674e-05
0.00696182
0.00691414
0.00691414
0.00691414
0.0133514
0.0133514
-0.0211239
-0.0671864
0.0133514
-0.00500679
0.0133514
0.0133514
0.0133514
0.0133514
0.022316
0.0182629
-0.0272751
-0.116873
0.022316
-0.00786781
0.022316
0.022316
0.022316
0.022316
0.031805
-0.0511169
-0.0146389
-0.112104
0.031805
-0.00152588
0.020647
0.031805
0.031805
0.031805
0.0352383
-0.103426
0.00400543
-0.103235
0.0458241
-0.0038147
-0.0108719
0.0457287
0.0457287
0.0457287
0.00758171
-0.0620365
-0.0128269
-0.0971794
0.0520706
0.00243187
-0.0453949
0.0520229
0.0520229
0.0520229
-0.00500679
0.0260353
-0.0438213
-0.103998
0.044632
-0.00500679
-0.0410557
0.0445843
0.0395298
0.0445843
-0.0127792
0.0366211
-0.0626087
-0.10376
0.0366211
-0.01297
0.0187874
0.0366211
0.0274181
0.0366211
-0.0132084
0.0148296
-0.057745
-0.0863552
0.033617
-0.015974
0.033617
0.033617
0.0243664
0.033617
-0.0194073
-0.021553
-0.0231266
-0.0433445
0.0262737
-0.0178337
0.0262737
0.0262737
0.0204086
0.0262737
-0.0264645
-0.0262737
-0.00567436
-0.0264645
0.0229359
-0.0107765
0.0229359
0.0229359
0.00429153
0.0229359
0.0148296
-0.0235558
0.0260353
-0.023365
-0.024128
-0.0235558
0.0260353
0.0260353
-0.0237942
0.0260353
0.020647
0.00967979
0.0217915
-0.00920296
-0.0618935
-0.0256538
0.0217915
0.0217915
-0.0204086
0.0217915
0.00987053
0.00987053
0.00987053
0.00715256
-0.0452042
-0.0283241
0.00987053
0.00987053
0.00734329
0.00987053
0.00295639
0.00295639
0.00295639
0.00295639
-0.0139236
-0.00958443
0.00295639
0.00295639
0.00295639
0.00295639
0
0
0
0
0
0
0
0
0
0
0
0
0
0
0
0
0
0
0
0
0
0
0
0
0
0
0
0
0
0
0
0
0
0
0
0
0
0
0
0
0
0
0
0
0
0
0
0
0
0
0
0
0
0
0
0
0
0
0
0
0
0
0
0
0
0
0
0
0
0
0
0
0
0
0
0
0
0
0
0
0
0
0
0
0
0
0
0
0
0
0
0
0
0
0
0
0
0
0
0
0
0
0
0
0
0
0
0
0
0
0.00433922
0.00433922
0.00433922
-0.0387669
0.00433922
0.00433922
0.00433922
0.00433922
0.00433922
0.00433922
0.00748634
0.00748634
0.00748634
-0.0423431
-0.0172138
0.00748634
0.00748634
0.00748634
0.00748634
0.00748634
0.0082016
0.0082016
0.0082016
-0.0416279
-0.0237465
0.0082016
0.0082016
0.0082016
0.0082016
0.0082016
0.00500679
0.00500679
0.00500679
-0.0448227
0.00500679
0.00500679
0.00500679
0.00500679
0.00500679
0.00500679
0.00557899
0.00557899
0.00557899
-0.0404835
0.00557899
-0.00405312
0.00557899
0.00557899
0.00557899
0.00557899
0.00839233
0.00839233
0.00839233
-0.0286579
0.00839233
-0.03829
0.00839233
0.00839233
0.00839233
0.00839233
0.0161648
0.0161648
-0.0238419
-0.0557899
0.0161648
-0.0334263
0.0161648
0.0161648
0.0161648
0.0161648
0.0182629
0.0182629
-0.028038
-0.0682354
0.0182629
-0.0313282
0.0182629
0.0182629
0.0182629
0.0182629
0.0189304
0.0209332
-0.0133991
-0.0859261
0.0209332
-0.0287056
0.0134945
0.0209332
0.0121117
0.0209332
0.0259399
-0.0317097
0.0043869
-0.0889301
0.0377178
-0.0118732
-0.00739098
0.0377178
0.00753403
0.0269413
0.0144482
-0.0908375
0.0105381
-0.0778675
0.0583649
0.0087738
-0.0288486
0.0583649
0.0220776
0.0258446
0.00987053
-0.0638008
0.00987053
-0.0743866
0.0593185
0.00967979
-0.0295162
0.0593185
0.0230312
-0.00247955
0.00119209
0.0275135
-0.00662804
-0.0982285
0.0508785
0.00119209
0.032568
0.0282288
0.00705719
-0.0433445
0.00185966
0.05126
-0.040102
-0.0977516
0.05126
0.00166893
0.05126
0.0274658
0.00162125
-0.0479698
0.0111103
0.0258446
-0.040102
-0.0982761
0.0507355
0.00152588
0.0507355
0.0189781
0.00109673
-0.0210285
0.0201702
-0.0125408
-0.0374317
-0.0550747
0.0366688
0.0184536
0.0366688
-0.0129223
0.0106335
-0.00429153
-0.0170708
-0.01688
-0.0131607
-0.0170708
0.0319481
0.0162601
0.0323296
-0.0172615
-0.00200272
0.00333786
-0.0146866
-0.0146866
0.0270844
-0.0144482
-0.0326633
0.0127316
0.0349522
-0.00681877
-0.0150681
0.0241756
-0.000715256
0.0110626
0.023222
-0.0261784
-0.0673771
0.0043869
0.023222
0.023222
-0.0136852
0.023222
0.00929832
0.00929832
0.00929832
-0.00228882
-0.0351906
-0.0236988
0.00929832
0.00929832
0.00553131
0.00929832
0.00462532
0.00462532
0.00462532
0.00462532
0.00462532
-0.0412464
0.00462532
0.00462532
0.00462532
0.00462532
0.00462532
0.00462532
0.00462532
0.00462532
0.00462532
-0.0412464
0.00462532
0.00462532
0.00462532
0.00462532
0.00314713
0.00314713
0.00314713
0.00314713
0.00314713
-0.028038
0.00314713
0.00314713
0.00314713
0.00314713
0
0
0
0
0
0
0
0
0
0
0
0
0
0
0
0
0
0
0
0
0
0
0
0
0
0
0
0
0
0
0
0
0
0
0
0
0
0
0
0
0
0
0
0
0
0
0
0
0
0
0
0
0
0
0
0
0
0
0
0
0
0
0
0
0
0
0
0
0
0
0
0
0
0
0
0
0
0
0
0
0
0
0
0
0
0
0
0
0
0
0.000715256
0.000715256
0.000715256
-0.0061512
0.000715256
0.000715256
0.000715256
0.000715256
0.000715256
0.000715256
0.00581741
0.00581741
0.00581741
-0.00872612
-0.0373363
0.00581741
0.00581741
0.00581741
0.00581741
0.00581741
0.00391006
0.00391006
0.00391006
-0.00295639
-0.0280857
0.00391006
0.00391006
0.00391006
0.00391006
0.00391006
0.000715256
0.000715256
0.000715256
-0.0061512
0.000715256
0.000715256
0.000715256
0.000715256
0.000715256
0.000715256
0.000858307
0.000858307
0.000858307
-0.00405312
0.000858307
-0.00271797
0.000858307
0.000858307
0.000858307
0.000858307
0.00567436
0.00567436
-0.00786781
0.00567436
0.00567436
-0.0372887
0.00567436
0.00567436
0.00567436
0.00567436
0.0123501
0.0123501
-0.0401497
-0.00901222
0.0123501
-0.037241
0.0123501
0.0123501
0.0123501
0.0123501
0.0161648
0.0161648
-0.0463963
-0.0332355
0.0161648
-0.0334263
0.0161648
0.0161648
0.0161648
0.0161648
-0.00743866
0.02141
-0.022316
-0.0248432
0.0245571
-0.025034
-0.00114441
0.0245571
0.00300407
0.00748634
0.000524521
-0.00767708
0.000524521
-0.0357151
0.0378132
0.000333786
-0.0267029
0.0375748
0.000333786
-0.0067234
0.0159264
-0.0839233
0.0158787
-0.0103951
0.0290394
0.0157356
-0.0182152
0.0442982
0.0156879
-0.0231266
0.0041008
-0.0776291
0.0041008
-0.0162601
0.0500202
0.0146866
0.0427723
0.0202179
0.00395775
-0.045681
-0.00405312
0.0222206
0.00319481
-0.0740528
0.0455379
0.00987053
0.0455379
-0.00367165
-0.00271797
-0.0409603
-0.00529289
0.030756
0.0125408
-0.0814438
0.0441074
-0.00433922
0.0441074
-0.00538826
0.0124931
-0.046587
0.00367165
0.00681877
-0.00400543
-0.0835896
0.053072
0.0058651
0.053072
0.00357628
0.00834465
-0.0458241
0.0270844
-0.00329018
-0.0472069
-0.0401497
0.0459194
0.032568
0.0459194
-0.00348091
-0.00367165
-0.0529289
0.00391006
-0.000429153
-0.00844002
-0.00844002
0.0182629
0.0115871
0.0409603
-0.00844002
-0.00863075
-0.0398636
-0.0103474
0.0331402
0.0274658
-0.0101566
-0.056839
-0.00762939
0.0392437
-0.00977516
-0.0105858
0.00629425
-0.00596046
0.0252724
0.0268459
-0.0225544
-0.047493
-0.0229836
0.0268459
-0.0151634
0.00872612
0.0267982
0.00700951
0.00700951
0.00700951
-0.00452995
-0.00214577
-0.0425816
0.00700951
0.00700951
0.00700951
0.00700951
0.00495911
0.00495911
0.00495911
0.00495911
0.00495911
-0.044632
0.00495911
0.00495911
0.00495911
0.00495911
0.00495911
0.00495911
0.00495911
0.00495911
0.00495911
-0.044632
0.00495911
0.00495911
0.00495911
0.00495911
0.00424385
0.00424385
0.00424385
0.00424385
0.00424385
-0.0379086
0.00424385
0.00424385
0.00424385
0.00424385
0
0
0
0
0
0
0
0
0
0
0
0
0
0
0
0
0
0
0
0
0
0
0
0
0
0
0
0
0
0
0
0
0
0
0
0
0
0
0
0
0
0
0
0
0
0
0
0
0
0
0
0
0
0
0
0
0
0
0
0
0
0
0
0
0
0
0
0
0
0
0
0
0
0
0
0
0
0
0
0
0
0
0
0
0
0
0
0
0
0
0
0
0
0
0
0
0
0
0
0
0.0043869
0.0043869
0.0043869
0.0043869
-0.0391483
0.0043869
0.0043869
0.0043869
0.0043869
0.0043869
0.00319481
0.00319481
0.00319481
0.00319481
-0.0287533
0.00319481
0.00319481
0.00319481
0.00319481
0.00319481
0
0
0
0
0
0
0
0
0
0
0
0
0
0
0
0
0
0
0
0
0.00352859
0.00352859
-0.0109673
0.00352859
0.00352859
-0.0121593
0.00352859
-0.00138283
0.00352859
0.00352859
0.0131607
0.0131607
-0.0482559
0.0123501
0.0131607
-0.0174046
0.0131607
-0.0244617
0.0131607
0.0123501
0.0121593
0.0221252
-0.0427723
0.0164032
0.0221252
0.00114441
-0.0166893
-0.0221729
-0.00295639
0.0109196
-0.0116825
0.0298977
-0.0143528
0.0293255
0.0350475
-0.0145435
-0.0145435
-0.00920296
-0.01297
-0.0163555
0.00452995
0.00128746
0.00476837
0.0329971
0.0117779
0.00452995
-0.0342846
0.00691414
0.00452995
-0.0366211
0.00934601
-0.0902653
0.00953674
0.0185966
0.00939369
0.0187874
0.015831
0.00948906
0.0279903
-0.0277042
0.00715256
-0.103426
0.00185966
-0.0230789
0.0326157
0.0422955
0.0443935
-0.00519753
0.0174999
-0.0138283
0.00314713
-0.0267029
0.0197887
-0.0741482
0.0255108
0.0255108
0.0255108
-0.0141621
0.0213146
-0.00534058
-0.0181198
-0.0193119
0.022459
-0.06814
0.0314713
-0.00758171
0.0314713
-0.0180244
0.0314236
0.0148296
0.000286102
-0.00424385
-0.0121117
-0.0559807
0.0449657
-0.0246525
0.0449657
-0.00443459
0.0355721
-0.0235081
0.0368595
-0.00309944
-0.0486851
-0.0166893
0.0461102
-0.00371933
0.0461102
-0.00338554
0.000333786
-0.0528336
0.0299454
0.0270367
-0.0067234
-0.00395775
-0.0319958
-0.0043869
0.0454426
-0.00405312
-0.00419617
-0.0463486
-0.0119209
0.0380993
0.0262737
-0.011301
-0.0617504
-0.0117302
0.0380993
-0.0114441
-0.00767708
0.0140667
-0.0128746
0.0200272
0.0200272
-0.0136852
-0.0203609
-0.0271797
0.0200272
-0.0240803
0.0184536
0.0200272
0.00309944
0.00309944
0.00309944
0.00171661
0.00309944
-0.0263214
0.00309944
0.00309944
0.00309944
0.00309944
0.00195503
0.00195503
0.00195503
0.00195503
0.00195503
-0.0172615
0.00195503
0.00195503
0.00195503
0.00195503
0.000143051
0.000143051
0.000143051
0.000143051
0.000143051
-0.00138283
0.000143051
0.000143051
0.000143051
0.000143051
0
0
0
0
0
0
0
0
0
0
0
0
0
0
0
0
0
0
0
0
0
0
0
0
0
0
0
0
0
0
0
0
0
0
0
0
0
0
0
0
0
0
0
0
0
0
0
0
0
0
0
0
0
0
0
0
0
0
0
0
0
0
0
0
0
0
0
0
0
0
0
0
0
0
0
0
0
0
0
0
0
0
0
0
0
0
0
0
0
0
0
0
0
0
0
0
0
0
0
0
0.000905991
0.000905991
0.000905991
0.000905991
-0.00810623
0.000905991
0.000905991
0.000905991
0.000905991
0.000905991
0.00481606
0.00481606
0.00481606
0.00481606
-0.0432014
0.00481606
0.00481606
0.00481606
0.00481606
0.00481606
0.00319481
0.00319481
0.00319481
0.00319481
-0.0287533
0.00319481
0.00319481
0.00319481
0.00319481
0.00319481
0
0
0
0
0
0
0
0
0
0
0.00133514
0.00133514
0.00133514
0.00133514
0.00133514
0.00133514
0.00133514
-0.0120163
0.00133514
0.00133514
0.00452995
0.00452995
0.00300407
0.00452995
0.00452995
0.00452995
0.00452995
-0.0391483
0.00452995
0.00452995
0.00395775
0.0133514
-0.0240803
0.0133514
0.0133514
0.0106335
-0.00214577
-0.0360966
0.0133514
-0.00548363
-0.0194073
0.0272274
-0.0221729
0.0272274
0.0272274
0.0270367
-0.0223637
-0.0221729
0
-0.0221729
-0.0103474
0.0391006
-0.0103474
0.0391006
0.0391006
0.00891685
-0.0348091
-0.0103474
-0.0107288
-0.0489235
-0.00228882
0.0130177
0.00395775
0.0459194
0.0067234
-0.00247955
-0.026989
-0.0023365
0.00338554
-0.0381947
0.00762939
-0.106668
0.0100136
0.00829697
-0.00662804
0.0251293
0.0274658
-0.0067234
0.0378132
0.00429153
0.0247955
-0.121927
0.0212669
-0.0620842
0.0138283
0.0234127
0.027132
0.019455
0.027132
0.027132
0.0123024
-0.0941753
0.026989
-0.07267
0.026989
-0.00324249
0.026989
0.023222
0.0269413
0.0269413
0.00472069
-0.0422955
0.0207901
-0.0711918
0.0284672
-0.0213623
0.0284672
0.0207424
0.0213623
0.0103951
0.0302792
-0.0152588
-0.0305653
-0.0417233
0.03438
-0.0118732
0.03438
0.0216484
0.00109673
-0.0222683
0.045681
0.00858307
-0.0535488
-0.0355244
0.0362396
0.0058651
0.045681
0.0017643
-0.00414848
-0.0498295
0.041151
0.041151
-0.0286579
-0.00824928
-0.0451565
0.0248909
0.041151
-0.00829697
-0.0067234
-0.0505924
-0.019455
0.0301361
0.0184059
-0.0192642
-0.0692368
0.0225067
0.0301361
-0.0193119
0.00939369
0.0168324
-0.0330448
0.0146389
0.0146389
-0.0135899
-0.0137806
0.00872612
0.0146389
-0.0212669
0.0146389
0.0146389
-0.00882149
0.00100136
0.00100136
0.00100136
0.00100136
0.00100136
0.00100136
0.00100136
0.00100136
0.00100136
0
0
0
0
0
0
0
0
0
0
0
0
0
0
0
0
0
0
0
0
0
0
0
0
0
0
0
0
0
0
0
0
0
0
0
0
0
0
0
0
0
0
0
0
0
0
0
0
0
0
0
0
0
0
0
0
0
0
0
0
0
0
0
0
0
0
0
0
0
0
0
0
0
0
0
0
0
0
0
0
0
0
0
0
0
0
0
0
0
0
0
0
0
0
0
0
0
0
0
0
0
0
0
0
0
0
0
0
0
0
0
0
0
0
0
0
0
0
0
0
0.00238419
0.00238419
0.00238419
0.00238419
-0.0211716
0.00238419
0.00238419
0.00238419
0.00238419
0.00238419
0.00500679
0.00500679
0.00500679
0.00500679
-0.0448227
0.00500679
0.00500679
0.00500679
0.00500679
0.00500679
0.00319481
0.00319481
0.00319481
0.00319481
-0.0287533
0.00319481
0.00319481
0.00319481
0.00319481
0.00319481
0
0
0
0
0
0
0
0
0
0
0.00367165
0.00367165
0.00367165
0.00367165
0.00367165
0.00367165
0.00367165
-0.0328064
0.00367165
0.00367165
0.00119209
0.00863075
0.00863075
0.00863075
0.00863075
0.00863075
0.00548363
-0.0408173
0.00863075
-0.0172615
-0.0159264
0.0164509
0.0113487
0.0164509
0.0164509
0.0164509
-0.0110149
-0.0329971
0.0164509
-0.0331879
-0.0261784
0.0234127
-0.00166893
0.0234127
0.0234127
0.0234127
-0.0261784
-0.0259876
0.0126362
-0.0259876
-0.00905991
0.0366211
0.0252724
0.0236511
0.0109196
0.00934601
-0.0510216
-0.0113964
-0.00495911
-0.0288963
-0.00238419
0.0295639
0.0340939
-0.0103951
-0.0108242
-0.0112057
-0.0208378
0.0172138
-0.0112057
-0.0137806
0.0216484
-0.108194
0.0380993
-0.0385761
-0.00348091
0.000858307
0.0380993
0.0277042
0.00648499
0.0178814
0.0287533
-0.124168
0.0287533
-0.0706673
0.0246048
0.000143051
0.0287533
0.0287533
0.0265598
0.0287533
0.0301838
-0.118208
0.0301838
-0.0684261
0.0301838
-0.0194073
0.0301838
0.0301838
0.0251293
0.0301838
0.0263691
-0.0439644
0.0254631
-0.0608444
0.0263691
-0.00200272
0.0263691
0.0263691
-0.0084877
-0.0157356
0.0358105
-0.0102997
-0.0254154
-0.0526905
0.033617
0.0334263
0.014019
0.00638962
-0.0137806
-0.0208855
0.0440121
0.0310421
-0.0552177
-0.0273228
0.00677109
0.0440121
0.0165462
-0.00543594
-0.00228882
-0.0514984
0.0380993
0.0380993
-0.0389576
-0.011301
-0.0566006
0.0380993
0.0106335
-0.0113487
0.0159264
-0.022316
-0.0248432
0.0247955
0.0130177
-0.0246048
-0.0636578
0.0247955
0.0247955
-0.0183582
0.0247955
0.0195026
-0.0431538
0.00624657
0.00624657
0.00352859
-0.00038147
0.00624657
0.00624657
0.0023365
0.00624657
0.00624657
-0.0290871
0.00324249
0.00324249
0.00324249
0.00324249
0.00324249
0.00324249
0.00324249
0.00324249
0.00324249
0
0
0
0
0
0
0
0
0
0
0
0
0
0
0
0
0
0
0
0
0
0
0
0
0
0
0
0
0
0
0
0
0
0
0
0
0
0
0
0
0
0
0
0
0
0
0
0
0
0
0
0
0
0
0
0
0
0
0
0
0
0
0
0
0
0
0
0
0
0
0
0
0
0
0
0
0
0
0
0
0
0
0
0
0
0
0
0
0
0
0
0
0
0
0
0
0
0
0
0
0
0
0
0
0
0
0
0
0
0
0
0
0
0
0
0
0
0
0
0
0.00314713
0.00314713
0.00314713
0.00314713
-0.028038
0.00314713
0.00314713
0.00314713
0.00314713
0.00314713
0.00500679
0.00500679
0.00500679
0.00500679
-0.0448227
0.00500679
0.00500679
0.00500679
0.00500679
0.00500679
0.00238419
0.00238419
0.00238419
0.00238419
-0.0211716
0.00238419
0.00238419
0.00238419
0.00238419
0.00238419
0.00138283
0.00138283
0.00138283
0.00138283
0.00138283
0.00138283
0.00138283
-0.0123501
0.00138283
0.00138283
0.00600815
0.00739098
0.00739098
0.00739098
0.00739098
0.00739098
0.00739098
-0.040102
0.00739098
-0.0173569
-0.0212193
0.0136852
0.0136852
0.0136852
0.0136852
0.0136852
0.011158
-0.0357151
0.0136852
-0.0359058
-0.030899
0.018549
0.018549
0.018549
0.018549
0.018549
-0.0189304
-0.030899
0.018549
-0.0298977
-0.0257969
0.0212193
0.0212193
0.00281334
0.0155926
0.0212193
-0.0406742
-0.0222683
0.0198364
-0.0132561
0.0195503
0.033474
0.033474
-0.0576973
-0.012064
0.0293255
-0.0653744
0.0218868
0.00305176
-0.00538826
0.0300884
0.0281334
0.0338078
-0.0650406
-0.0146389
-0.0287533
0.014782
0.0337601
-0.015831
-0.015831
0.0359058
-0.0996113
0.0413895
-0.0582218
0.0290394
-0.0517368
0.0413895
0.0413418
-0.00333786
0.0245094
0.0355244
-0.153923
0.0355244
-0.0819206
0.0355244
0.00648499
0.0355244
0.0354767
0.0197887
0.0323772
0.0394344
-0.109148
0.0394344
-0.100565
0.0394344
0.0239849
0.0171185
0.0394344
-0.00429153
0.0156879
0.0344753
-0.0359058
0.0344753
-0.0782967
0.0344753
0.0329018
-0.000238419
0.0344753
-0.0151157
-0.0408649
0.0449657
0.0202656
-0.0263691
-0.0551701
0.0150204
0.0449657
-0.00691414
0.0100613
-0.00462532
-0.0418663
0.0424862
0.0424862
-0.0567913
-0.0135899
-0.0389576
0.0424862
-0.00710487
-0.00696182
0.0211239
-0.0242233
0.0329018
0.0329018
-0.0441074
-0.0164986
-0.0612736
0.0329018
-0.0166893
-0.0165462
0.0329018
0.0240803
-0.0274658
0.0221729
0.0103951
-0.0178337
-0.0202179
0.0221729
-0.0278473
-0.00543594
0.0221729
0.0221729
-0.0434399
0.00600815
0.00600815
0.00424385
0.00281334
0.00600815
0.000715256
0.00600815
0.00600815
0.00600815
-0.03438
0.00386238
0.00386238
0.00386238
0.00386238
0.00386238
0.00386238
0.00386238
0.00386238
0.00386238
0
0
0
0
0
0
0
0
0
0
0
0
0
0
0
0
0
0
0
0
0
0
0
0
0
0
0
0
0
0
0
0
0
0
0
0
0
0
0
0
0
0
0
0
0
0
0
0
0
0
0
0
0
0
0
0
0
0
0
0
0
0
0
0
0
0
0
0
0
0
0
0
0
0
0
0
0
0
0
0
0
0
0
0
0
0
0
0
0
0
0
0
0
0
0
0
0
0
0
0
0
0
0
0
0
0
0
0
0
0
0
0
0
0
0
0
0
0
0
0
0.00314713
0.00314713
0.00314713
0.00314713
-0.028038
0.00314713
0.00314713
0.00314713
0.00314713
0.00314713
0.00500679
0.00500679
0.00500679
0.00500679
-0.0448227
0.00500679
0.00500679
0.00500679
0.00500679
0.00500679
0.00133514
0.00133514
0.00133514
0.00133514
-0.0118256
0.00133514
0.00133514
0.00133514
0.00133514
0.00133514
0.00395775
0.00395775
0.00395775
0.00395775
0.00395775
0.00395775
0.00395775
-0.0323296
0.00395775
0.000810623
-0.000524521
0.0106335
0.0106335
0.0106335
0.0106335
0.0106335
0.0106335
-0.0387669
0.0106335
-0.0348568
-0.0330448
0.0163555
0.0163555
0.0163555
0.0163555
0.0163555
0.0014782
-0.0330448
0.0163555
-0.0330448
-0.0307083
0.018692
0.018692
0.0123978
0.00987053
0.018692
-0.030756
-0.0193119
0.018692
-0.015831
0.00920296
0.021553
0.021553
-0.0462532
-0.0213623
0.021553
-0.0578403
0.00844002
0.021553
0.021553
0.0370026
0.0370026
0.0370026
-0.0990391
-0.0123978
0.0107288
-0.0478745
0.0370026
0.00939369
-0.00844002
0.0335693
0.0279427
0.0335693
-0.103903
0.00557899
-0.0228882
0.0249386
0.0335693
-0.0160217
-0.0158787
0.0490189
-0.105715
0.0274658
-0.0884533
0.0490189
-0.0309467
0.0490189
0.0489712
-0.000619888
0.00271797
0.0574112
-0.14081
0.0337124
-0.0917912
0.0574112
0.0117779
0.0291824
0.0573635
0.00777245
-0.02141
0.0588894
-0.0895023
0.0349998
-0.0900745
0.0561714
0.0275612
-0.0216484
0.0555515
0.00910759
-0.039959
0.0558376
-0.00138283
0.0307083
-0.093174
0.0162125
0.0346661
-0.0434399
0.0381947
0.00624657
-0.0430584
0.0533104
0.0503063
-0.0284672
-0.0855446
-0.0303745
0.053072
-0.0445843
0.00624657
0.0231266
0.00362396
0.0423431
0.0423431
-0.0568867
-0.0574589
-0.0556946
0.0423431
-0.026083
-0.00710487
0.0366688
0.0401974
0.024271
0.024271
-0.0388622
-0.00457764
-0.0457764
0.024271
-0.0176907
-0.0137806
0.024271
0.024271
-0.0359535
0.0136375
0.0130653
0.00815392
-0.00419617
0.0136375
-0.0359535
0.000524521
0.0136375
0.0136375
-0.0405312
0.00886917
0.00886917
0.00886917
0.00886917
0.00886917
-0.0301838
0.00886917
0.00886917
0.00886917
-0.0338078
0.00448227
0.00448227
0.00448227
0.00448227
0.00448227
-0.00162125
0.00448227
0.00448227
0.00448227
0
0
0
0
0
0
0
0
0
0
0
0
0
0
0
0
0
0
0
0
0
0
0
0
0
0
0
0
0
0
0
0
0
0
0
0
0
0
0
0
0
0
0
0
0
0
0
0
0
0
0
0
0
0
0
0
0
0
0
0
0
0
0
0
0
0
0
0
0
0
0
0
0
0
0
0
0
0
0
0
0
0
0
0
0
0
0
0
0
0
0
0
0
0
0
0
0
0
0
0
0
0
0
0
0
0
0
0
0
0
0
0
0
0
0
0
0
0
0
0
0.00314713
0.00314713
0.00314713
0.00314713
-0.028038
0.00314713
0.00314713
0.00314713
0.00314713
0.00314713
0.00500679
0.00500679
0.00500679
0.00500679
-0.0448227
0.00500679
0.00500679
0.00500679
0.00500679
0.00500679
0.00166893
0.00166893
0.00166893
0.00166893
-0.0149727
0.00166893
0.00166893
0.00166893
0.00166893
0.00166893
0.0020504
0.0020504
0.0020504
0.0020504
0.0020504
0.0020504
0.0020504
-0.0142097
0.0020504
-0.00224113
-0.0256062
0.0132084
0.0132084
0.0132084
0.0123978
0.0132084
0.0106335
-0.0269413
0.0132084
-0.0361919
-0.0310421
0.0185966
0.0185966
0.00972748
-0.000238419
0.0185966
-0.00276566
-0.018692
0.0185966
-0.0308514
-0.0172615
0.0199795
0.0199795
-0.0235558
-0.0388145
0.0199795
-0.0294209
0.0152588
0.0199795
0.0140667
0.0220776
0.0220776
0.0201225
-0.0387192
-0.0375271
0.0220776
-0.0716686
0.0220776
0.0220776
0.0177383
0.0367641
0.0367641
0.0264168
-0.0696659
-0.0355244
-0.0132084
-0.00519753
0.0367641
0.0152111
-0.0282764
0.0453949
0.0239849
0.0102997
-0.0981331
-0.0220776
-0.00443459
0.0453949
0.0453949
-0.00419617
-0.0412464
0.0620365
-0.119495
0.0123978
-0.0870228
0.00872612
0.0308514
0.0534058
0.0619888
0.0123978
-0.0347137
0.0718594
-0.126314
0.0222683
-0.077343
0.0232697
0.0248432
-0.00419617
0.0718594
0.0222683
-0.0273228
0.0680923
-0.0722885
0.0180721
-0.0809193
0.0155926
0.0184536
0.0020504
0.0443935
0.0182629
-0.030756
0.0597954
0.0340939
0.00247955
-0.0892639
-0.0255108
0.0101566
0.0115395
0.010252
0.0246048
-0.0369549
0.0485897
0.0485897
-0.0508308
-0.100422
-0.0355244
0.0252247
-0.000667572
-0.000858307
0.041151
0.0252724
0.0394821
0.0394821
-0.0549793
-0.0785351
-0.0387192
0.0346184
-0.0183582
-0.0014782
0.0394821
0.0394821
0.0148296
0.0148296
-0.00305176
-0.0345707
-0.0345707
0.0148296
-0.0116825
0.0101089
0.0148296
0.0148296
-0.036478
0.0135422
0.0135422
-0.0139236
0.00567436
0.0135422
-0.0360966
0.0135422
0.0135422
0.0135422
-0.039959
0.00963211
0.00963211
0.00529289
0.00963211
0.00963211
-0.0323296
0.00963211
0.00963211
0.00963211
-0.0335693
0.00486374
0.000905991
0.00486374
0.00486374
0.00486374
-0.00119209
0.00486374
0.00486374
0.00486374
0.00128746
0.00128746
-0.0118256
0.00128746
0.00128746
0.00128746
0.00128746
0.00128746
0.00128746
0.00128746
0.00243187
0.00243187
-0.0218868
0.00243187
0.00243187
0.00243187
0.00243187
0.00243187
0.00243187
0.00243187
0.000762939
0.000762939
-0.00691414
0.000762939
0.000762939
0.000762939
0.000762939
0.000762939
0.000762939
0.000762939
0
0
0
0
0
0
0
0
0
0
0
0
0
0
0
0
0
0
0
0
0
0
0
0
0
0
0
0
0
0
0
0
0
0
0
0
0
0
0
0
0
0
0
0
0
0
0
0
0
0
0
0
0
0
0
0
0
0
0
0
0
0
0
0
0
0
0
0
0
0
0
0
0
0
0
0
0
0
0
0
0
0
0
0
0
0
0
0
0
0
0.00295639
0.00295639
0.00295639
0.00295639
-0.0264645
0.00295639
0.00295639
0.00295639
0.00295639
0.00295639
0.00500679
0.00500679
0.00500679
0.00500679
-0.044632
0.00500679
0.00500679
0.00500679
0.00500679
0.00500679
0.004673
0.004673
0.004673
0.004673
-0.0418186
0.004673
0.004673
0.004673
0.004673
0.004673
-0.00901222
0.0058651
0.0058651
0.0058651
-0.0347137
0.0058651
0.0058651
0.0058651
0.0058651
0.00276566
-0.0315666
0.0166893
0.0166893
0.0166893
-0.0419617
0.0166893
0.00238419
0.0166893
0.0166893
-0.0286102
-0.0245571
0.0248432
0.0238895
0.0160217
-0.065136
0.0248432
-0.0245571
0.0248432
0.0248432
-0.0245571
0.00638962
0.0283241
0.0176907
-0.0154018
-0.0706673
0.0283241
-0.0295162
0.0283241
0.0283241
-0.0212669
0.0318527
0.0318527
-0.0126362
-0.0177383
-0.0675678
0.0318527
-0.0426769
0.0318527
0.0312805
-0.0175953
0.0335217
0.0272274
-0.0158787
-0.0160694
-0.0580311
-0.0058651
0.0178814
0.0335217
0
-0.0158787
0.0434399
-0.0118732
-0.00424385
-0.0263691
-0.0530243
-0.0061512
0.0389099
0.0434399
-0.00638962
-0.0169754
0.0595093
-0.124407
0.0148296
-0.0173569
-0.0287056
0.0152111
0.0136375
0.0595093
0.00967979
-0.00128746
0.064373
-0.134325
0.0296593
-0.0174046
-0.00290871
0.0420094
-0.0147343
0.0492573
0.0145435
-0.029707
0.0630856
-0.0859261
0.00872612
-0.0351429
0.000715256
0.0266075
0.015974
0.0146389
0.0279903
-0.0357628
0.0495911
0.0284195
-0.0189781
-0.0966549
-0.00529289
0
0.0205517
0.000143051
0.0495911
-0.0270367
0.0395298
0.0395298
-0.0596523
-0.10972
-0.00677109
-0.0100613
0.038147
-0.00910759
0.0395298
0.0395298
0.0361919
0.0361919
-0.0588894
-0.0967503
-0.00953674
0.00681877
-0.00128746
0.0154018
0.0361919
0.0361919
0.0262737
0.0262737
-0.0374317
-0.0380516
-0.0227451
0.0209808
-0.0537395
0.0262737
0.0262737
0.0262737
-0.0317097
0.0178814
-0.0140667
-0.0319004
0.0178814
0.0178814
-0.0291824
0.0178814
0.0178814
0.0178814
-0.0337601
0.0156403
-0.0249386
-0.0217915
0.0156403
0.0156403
-0.0133991
0.0156403
0.0156403
0.0156403
-0.0216007
0.00739098
-0.0367641
0.00700951
0.00739098
0.00739098
0.00739098
0.00739098
0.00739098
0.00739098
0.00500679
0.00500679
-0.0448227
0.00500679
0.00500679
0.00500679
0.00500679
0.00500679
0.00500679
0.00500679
0.00472069
0.00472069
-0.0425339
0.00472069
0.00472069
0.00472069
0.00472069
0.00472069
0.00472069
0.00472069
0.00314713
0.00314713
-0.0282288
0.00314713
0.00314713
0.00314713
0.00314713
0.00314713
0.00314713
0.00314713
0
0
0
0
0
0
0
0
0
0
0
0
0
0
0
0
0
0
0
0
0
0
0
0
0
0
0
0
0
0
0
0
0
0
0
0
0
0
0
0
0
0
0
0
0
0
0
0
0
0
0
0
0
0
0
0
0
0
0
0
0
0
0
0
0
0
0
0
0
0
0
0
0
0
0
0
0
0
0
0
0
0
0
0
0
0
0
0
0
0
0
0
0
0
0
0
0
0
0
0
0.0023365
0.0023365
0.0023365
0.0023365
-0.0209808
0.0023365
0.0023365
0.0023365
0.0023365
0.0023365
0.00348091
0.00348091
0.00348091
0.00348091
-0.0311852
0.00348091
0.00348091
0.00348091
0.00348091
0.00348091
-0.00977516
0.00686646
0.00686646
0.00686646
-0.0448704
0.00686646
0.00686646
0.00686646
0.00686646
0.00686646
-0.0325203
0.0169277
0.0157356
0.0169277
-0.0669956
0.0169277
-0.0064373
0.0169277
0.0169277
0.00610352
-0.0198841
0.025177
0.00815392
0.025177
-0.057888
0.0144482
-0.024271
0.025177
0.025177
-0.0208855
0.0211239
0.0260353
-0.0294685
0.0199795
-0.053978
0.0248432
-0.036478
0.0260353
0.0260353
-0.0235558
0.0247478
0.0247478
-0.0406742
0.000667572
-0.00720024
0.0247478
-0.025034
0.0247478
-0.0087738
-0.017786
0.0199795
-0.00963211
-0.0314236
0.00977516
-0.000429153
0.0164032
0.0119209
0.0199795
-0.0296116
-0.00710487
0.0273705
-0.0275612
-0.0240326
0.0187397
-0.00972748
0.00224113
-0.0112534
0.0273705
-0.0222206
0.0191212
0.0434399
-0.127792
0.00362396
0.0348091
-0.00596046
-0.0061512
-0.00858307
0.0434399
-0.0061512
0.0298977
0.0588894
-0.139523
0.0137806
0.0503063
0.00948906
0.0116825
0.00576973
0.00929832
0.00929832
-0.0283241
0.0472546
-0.0693798
-0.0432968
0.0384808
-0.0023365
0.0361443
0.0349045
-0.00214577
0.0123978
-0.0515461
0.0356197
0.00228882
-0.0636101
-0.0353336
-0.0137806
0.0174046
0.0356197
-0.0137806
0.0356197
0.000143051
0.0387669
0.0387669
-0.060463
-0.0996113
-0.0304222
-0.0106335
0.0276089
0.0187874
0.0387669
0.0387669
0.0431538
0.0445366
-0.0546932
-0.0976563
-0.0498295
-0.00510216
-0.013113
0.0444889
0.0444889
0.0444889
0.0117302
0.0381947
-0.0604153
-0.0322342
-0.0118256
0.00152588
-0.0608444
0.038147
0.038147
0.038147
-0.030756
0.0188351
-0.0419617
-0.0309944
0.0188351
0.0188351
-0.00863075
0.0187874
0.0187874
0.0187874
-0.0233173
0.0131607
-0.0319481
-0.0366688
0.0131607
0.0131607
0.0131607
0.0131607
0.0131607
0.0131607
0.00267029
0.00505447
-0.0198841
-0.0181198
0.00505447
0.00505447
0.00505447
0.00505447
0.00505447
0.00505447
0.00104904
0.00104904
-0.00920296
0.00104904
0.00104904
0.00104904
0.00104904
0.00104904
0.00104904
0.00104904
0.000667572
0.000667572
-0.00581741
0.000667572
0.000667572
0.000667572
0.000667572
0.000667572
0.000667572
0.000667572
0
0
0
0
0
0
0
0
0
0
0
0
0
0
0
0
0
0
0
0
0
0
0
0
0
0
0
0
0
0
0
0
0
0
0
0
0
0
0
0
0
0
0
0
0
0
0
0
0
0
0
0
0
0
0
0
0
0
0
0
0
0
0
0
0
0
0
0
0
0
0
0
0
0
0
0
0
0
0
0
0
0
0
0
0
0
0
0
0
0
0
0
0
0
0
0
0
0
0
0
0
0
0
0
0
0
0
0
0
0
0
0
0
0
0
0
0
0
0
0
0
0
0
0
0
0
0
0
0
0
-0.0105381
0.00610352
0.00338554
0.00610352
-0.0311375
0.00123978
0.00610352
0.00610352
0.00610352
0.00610352
-0.0280857
0.0213146
-0.0320435
0.0213146
-0.0220299
-0.0189304
-0.00519753
0.0212669
0.0212669
0.0212669
-0.0181675
0.0255108
-0.0658512
0.0255108
0.00629425
-0.0205517
-0.0240803
0.0255108
0.0204563
0.0255108
0.0188351
0.0188351
-0.0803471
0.0188351
0.0188351
0.000858307
-0.0283718
0.0188351
-0.00524521
0.0188351
0.019455
0.0100613
-0.0656605
0.019455
0.019455
0.019455
-0.0303745
0.019455
-0.0303745
0.019455
0.015831
-0.0275135
-0.0370979
0.015831
0.015831
0.015831
0.00386238
0.015831
-0.0337601
0.015831
0.0201702
-0.0347137
-0.0296116
0.0201702
0.0119686
0.0162601
-0.0247002
0.0201702
-0.019598
0.0201702
0.0441074
-0.120831
-0.00710487
0.0441074
0.00567436
-0.00548363
-0.00548363
0.017786
0.0134945
0.0144482
0.0588417
-0.12393
-0.0256538
0.0588417
0.00944138
0.00920296
0.0368595
0.00882149
0.00920296
-0.041151
0.0452042
-0.0576973
-0.0534058
0.0438213
-0.0043869
0.0338554
0.0452042
-0.0043869
0.00600815
-0.053978
0.0341892
-0.0213146
-0.0640869
-0.018549
-0.0152111
0.0341892
0.0267506
-0.0154018
0.0341892
0.00538826
0.035429
0.0285625
-0.0383377
-0.0631809
-0.0457764
-0.012064
-0.0067234
0.0291348
0.0367641
0.0367641
0.0145912
0.0402927
-0.0238419
-0.0887394
-0.0412941
-0.00934601
-0.012064
0.0402927
0.0402927
0.0402927
-0.0168324
0.0326157
-0.0265598
-0.0371933
0.00576973
-0.0162125
-0.0389099
0.0326157
0.0326157
0.0326157
-0.0284672
0.0155926
-0.0338078
-0.0341892
0.0155926
0.00305176
0.0155926
0.0155926
0.0155926
0.0155926
-0.00391006
0.0100136
-0.026083
-0.0398159
0.0100136
0.0100136
0.0100136
0.0100136
0.0100136
0.0100136
0.00433922
0.00433922
-0.00863075
-0.0258923
0.00433922
0.00433922
0.00433922
0.00433922
0.00433922
0.00433922
0.000953674
0.000953674
-0.00863075
0.000953674
0.000953674
0.000953674
0.000953674
0.000953674
0.000953674
0.000953674
0.000953674
0.000953674
-0.00863075
0.000953674
0.000953674
0.000953674
0.000953674
0.000953674
0.000953674
0.000953674
0
0
0
0
0
0
0
0
0
0
0
0
0
0
0
0
0
0
0
0
0
0
0
0
0
0
0
0
0
0
0
0
0
0
0
0
0
0
0
0
0
0
0
0
0
0
0
0
0
0
0
0
0
0
0
0
0
0
0
0
0
0
0
0
0
0
0
0
0
0
0
0
0
0
0
0
0
0
0
0
0
0
0
0
0
0
0
0
0
0
0
0
0
0
0
0
0
0
0
0
0
0
0
0
0
0
0
0
0
0
0
0
0
0
0
0
0
0
0
0
9.53674e-05
9.53674e-05
-0.000524521
9.53674e-05
9.53674e-05
9.53674e-05
9.53674e-05
9.53674e-05
9.53674e-05
9.53674e-05
-0.00195503
0.0146866
-0.0483036
0.0146866
-0.00710487
-0.0306129
0.0146866
0.0146866
0.0146866
0.0146866
-0.0265121
0.0228882
-0.0763416
0.0228882
0.0172138
-0.0251293
-0.00357628
0.0228882
0.0228882
0.0228882
-0.00710487
0.0213146
-0.0743866
0.0213146
0.0213146
0.000143051
-0.0280857
0.0213146
0.00309944
0.0213146
0.0153065
0.0153065
-0.0405788
0.0153065
0.0153065
0.0153065
-0.0319481
0.0153065
-0.0342846
0.0153065
0.017786
-0.0280857
-0.0141621
0.017786
0.017786
0.017786
-0.0321865
0.017786
-0.0320435
0.017786
0.00982285
-0.0393867
-0.00329018
0.00982285
0.00982285
0.00982285
-0.00214577
0.00982285
-0.0139236
0.00982285
0.0163555
-0.0385284
-0.00576973
0.0163555
0.00419617
-0.00953674
-0.0281334
0.0152111
0.0138283
0.0163555
0.0407696
-0.0921726
-0.00391006
0.0407696
-0.00610352
-0.00882149
-0.00863075
0.00491142
0.0225544
0.0112057
0.0525951
-0.0988483
0.00314713
0.0525951
0.00319481
0.00724792
0.0216007
0.00295639
0.00295639
-0.0466347
0.0471592
-0.0559807
-0.0375748
0.0200748
0.0302792
0.0188828
0.00281334
-0.00228882
0.0161648
-0.0393391
0.0222683
-0.025177
-0.0308514
-0.0349522
0.0234604
-0.00419617
-0.0141621
0.0107288
0.0317097
0.0213146
0.00104904
0.00514984
-0.00977516
-0.0658035
-0.00796318
-0.0162125
-0.00600815
0.0329971
0.0333786
0.0333786
-0.0217438
0.0277042
0.0226021
-0.0720978
-0.0248432
-0.0219345
0.00734329
0.0277042
0.0277042
0.0277042
-0.0124931
0.0213623
0.00724792
-0.042963
0.010252
-0.0192165
-0.028038
0.0213623
0.0213623
0.0213623
0.00824928
0.00824928
-0.0236988
-0.0415802
0.00824928
0.00782013
0.00824928
0.0082016
0.0082016
0.0082016
0.00972748
0.00972748
-0.0375271
-0.040102
0.00972748
0.00972748
0.00972748
0.00972748
0.00972748
0.00972748
0.00720024
0.00720024
-0.0422001
-0.0154972
0.00720024
0.00720024
0.00720024
0.00720024
0.00720024
0.00720024
0.00495911
0.00495911
-0.0444412
0.00495911
0.00495911
0.00495911
0.00495911
0.00495911
0.00495911
0.00495911
0.0043869
0.0043869
-0.0393391
0.0043869
0.0043869
0.0043869
0.0043869
0.0043869
0.0043869
0.0043869
0
0
0
0
0
0
0
0
0
0
0
0
0
0
0
0
0
0
0
0
0
0
0
0
0
0
0
0
0
0
0
0
0
0
0
0
0
0
0
0
0
0
0
0
0
0
0
0
0
0
0
0
0
0
0
0
0
0
0
0
0
0
0
0
0
0
0
0
0
0
0
0
0
0
0
0
0
0
0
0
0
0
0
0
0
0
0
0
0
0
0
0
0
0
0
0
0
0
0
0
0
0
0
0
0
0
0
0
0
0
0
0
0
0
0
0
0
0
0
0
0.0020504
0.0020504
-0.018549
0.0020504
0.0020504
0.0020504
0.0020504
0.0020504
0.0020504
0.0020504
-0.00238419
0.0144482
-0.0849247
0.00977516
0.0144482
-0.00925064
0.0144482
0.0144482
0.0144482
0.0144482
-0.023365
0.026226
-0.0647545
-0.023222
0.026226
-0.0218391
0.0150204
0.026226
0.0136852
0.026226
-0.0199795
0.0241756
-0.00271797
-0.000143051
0.0241756
-0.0256538
-0.0252247
0.0241756
-0.0226974
0.0241756
0.0190258
0.0190258
0.0154972
-0.00567436
0.0190258
-0.030756
-0.0435352
0.0190258
-0.0305653
0.0190258
0.0206947
-0.0288963
0.00634193
0.0038147
0.0206947
-0.0291348
-0.0402927
0.0206947
0.00576973
0.0206947
0.0154495
-0.0337601
-0.0178814
0.0154495
0.0125408
-0.0270844
-0.00748634
0.0134945
0.013876
0.0154495
0.0270367
-0.0278473
-0.0207901
0.0270367
-0.00195503
-0.0303745
-0.0199795
0.00705719
0.0207901
0.0190258
0.043869
-0.0447273
-0.00634193
0.043869
-0.00572205
-0.0288486
-0.00553131
-0.00557899
0.000905991
0.0087738
0.0539303
-0.0872612
0.0023365
0.0489712
0.011158
-0.000810623
0.00448227
0.00433922
0.00433922
-0.0411987
0.0247478
-0.0589848
-0.0064373
-0.0191689
0.0471115
-0.00252724
-0.00252724
0.0151157
0.0223637
-0.0187874
-0.00958443
-0.0416756
-0.00834465
-0.0601292
0.0371456
-0.0124931
-0.00858307
0.0339508
0.0370979
0.0329494
-0.0210285
0.000333786
0.0187874
-0.0711918
-0.00452995
-0.0210285
0.013113
0.0285625
0.0285625
0.0285625
-0.00581741
0.0259399
0.0259399
-0.0669956
-0.0238895
-0.0230789
-0.00953674
0.0259399
0.0259399
0.0259399
0.0140667
0.0140667
0.0140667
-0.0502586
0.00286102
-0.0216007
-0.014782
0.0140667
0.0140667
0.0140667
0.00500679
0.00500679
0.00500679
-0.0448227
0.00500679
0.00500679
0.00500679
0.00500679
0.00500679
0.00500679
0.00662804
0.00662804
-0.0107765
-0.0423908
0.00662804
0.00662804
0.00662804
0.00662804
0.00662804
0.00662804
0.00472069
0.00472069
-0.0305653
-0.00724792
0.00472069
0.00472069
0.00472069
0.00472069
0.00472069
0.00472069
0.00357628
0.00357628
-0.0317574
0.00357628
0.00357628
0.00357628
0.00357628
0.00357628
0.00357628
0.00357628
0.000715256
0.000715256
-0.00653267
0.000715256
0.000715256
0.000715256
0.000715256
0.000715256
0.000715256
0.000715256
0
0
0
0
0
0
0
0
0
0
0
0
0
0
0
0
0
0
0
0
0
0
0
0
0
0
0
0
0
0
0
0
0
0
0
0
0
0
0
0
0
0
0
0
0
0
0
0
0
0
0
0
0
0
0
0
0
0
0
0
0
0
0
0
0
0
0
0
0
0
0
0
0
0
0
0
0
0
0
0
0
0
0
0
0
0
0
0
0
0
0
0
0
0
0
0
0
0
0
0
0
0
0
0
0
0
0
0
0
0
0
0
0
0
0
0
0
0
0
0
0.00572205
0.00572205
-0.0395298
-0.00624657
0.00572205
0.00572205
0.00572205
0.00572205
0.00572205
0.00572205
0.0017643
0.0184536
-0.0807762
-0.0496387
0.0184536
0.0184536
0.0184536
0.0184536
0.0184536
0.0184536
-0.0193119
0.0300884
-0.0583649
-0.0738621
0.0300884
0.00734329
0.0200272
0.0300884
0.00400543
0.0300884
-0.0179291
0.030899
-0.0101089
-0.0579357
0.030899
-0.0014782
-0.0165462
0.030899
-0.0189304
0.030899
0.00162125
-0.000953674
-0.0121117
-0.0319004
0.0302792
-0.0154495
-0.0240803
0.0302315
-0.00724792
0.0302315
0.0173092
-0.0233173
-0.0226974
0.016737
0.0267029
-0.0236988
-0.0678062
0.0241756
0.0267029
0.0267029
0.0247002
-0.0192165
-0.0190258
0.0303745
0.00662804
-0.0378609
-0.0396729
-0.00252724
0.0294209
0.0274181
0.0258923
-0.0127316
-0.00844002
0.032568
-0.00686646
-0.0360966
-0.00686646
-0.00691414
0.0213623
-0.00157356
0.0133514
-0.00767708
-0.011158
0.0272751
0.00295639
-0.00901222
-0.00119209
-0.00119209
0.00243187
-0.0151157
0.00815392
-0.0685215
0.00185966
-0.0061512
0.0468254
0.00209808
0.00290871
0.030756
0.00247955
-0.0198841
-0.00157356
-0.0701427
-0.00038147
-0.0486374
0.0480175
-0.00157356
0.00100136
0.047636
0.0272751
-0.00133514
-0.0142097
-0.0216484
0.0169277
-0.0742435
0.0295162
-0.0200748
-0.000476837
0.0294685
0.0294685
0.0253201
-0.00376701
-0.0210285
0.028944
-0.0745773
-0.00414848
-0.0104427
-0.00162125
0.028944
0.028944
0.028944
0.0114918
0.0155926
0.022459
-0.0765324
-0.0275135
0.00720024
-0.0193119
0.022459
0.022459
0.022459
0.00853539
0.00853539
0.00853539
-0.0540257
-0.00991821
0.00853539
0.00457764
0.00853539
0.00853539
0.00853539
0.00500679
0.00500679
0.00500679
-0.0448227
0.00500679
0.00500679
0.00500679
0.00500679
0.00500679
0.00500679
0.00414848
0.00414848
0.00414848
-0.0368595
0.00414848
0.00414848
0.00414848
0.00414848
0.00414848
0.00414848
0
0
0
0
0
0
0
0
0
0
0
0
0
0
0
0
0
0
0
0
0
0
0
0
0
0
0
0
0
0
0
0
0
0
0
0
0
0
0
0
0
0
0
0
0
0
0
0
0
0
0
0
0
0
0
0
0
0
0
0
0
0
0
0
0
0
0
0
0
0
0
0
0
0
0
0
0
0
0
0
0
0
0
0
0
0
0
0
0
0
0
0
0
0
0
0
0
0
0
0
0
0
0
0
0
0
0
0
0
0
0
0
0
0
0
0
0
0
0
0
0
0
0
0
0
0
0
0
0
0
0
0
0
0
0
0
0
0
0
0
0
0
0
0
0
0
0
0
0
0
0.00815392
0.00815392
-0.0324249
-0.0326157
0.00815392
0.00815392
0.00815392
0.00815392
0.00815392
0.00815392
0.000238419
0.0169277
-0.0748158
-0.0436783
0.0169277
0.0169277
0.0169277
0.0169277
0.0169277
0.0169277
-0.0197887
0.0296116
-0.0696182
-0.0914097
0.0296116
0.0296116
0.0296116
0.0296116
0.00371933
0.0296116
-0.0157356
0.024271
-0.04673
-0.0947952
0.0336647
0.0291348
0.0189781
0.0336647
-0.0159264
0.0336647
-0.0101566
-0.00548363
-0.0448704
-0.086689
0.0392437
0.0262737
0.00219345
0.039196
0.00190735
0.039196
-0.00872612
-0.0133991
-0.0241756
-0.0430107
0.0300884
-0.00557899
-0.03438
0.0281811
0.0352383
0.0361919
0.0061512
-9.53674e-05
0.00677109
-0.0150204
0.00495911
-0.00128746
-0.0493526
-0.00114441
0.0316143
0.0182629
0.00243187
0.023222
0.00300407
-0.0216484
0.00267029
0.00224113
-0.0181675
0.00243187
0.00228882
0.00243187
-0.00109673
0.00519753
-0.00190735
-0.0412941
0.0230312
-0.00128746
0.0148296
0.00572205
0.0020504
-0.00462532
-0.00309944
-0.0660419
0.00729561
-0.0548363
0.0463009
-0.00329018
0.0147343
0.0463009
0.0161648
-0.00329018
0.00247955
-0.0769138
0.0313282
-0.0829697
0.0409603
0.00209808
0.00991821
0.0409603
0.0409603
-0.00844002
0.00219345
-0.0221729
0.0276566
-0.110769
0.0276566
0.0117779
-0.014925
0.0276566
0.0276566
0.0235558
0.0213146
-0.0282764
0.0213146
-0.0675201
-0.0118256
0.0209332
-0.0196934
0.0213146
0.0213146
0.0213146
0.0128746
0.00600815
0.0128746
-0.0532627
-0.0369549
0.0128746
0.00758171
0.0128269
0.0128269
0.0128269
0.00691414
0.00691414
0.00691414
-0.0431061
-0.0118732
0.00691414
0.00691414
0.00691414
0.00691414
0.00691414
0.00476837
0.00476837
0.00476837
-0.0426769
0.00476837
0.00476837
0.00476837
0.00476837
0.00476837
0.00476837
0.00128746
0.00128746
0.00128746
-0.0111103
0.00128746
0.00128746
0.00128746
0.00128746
0.00128746
0.00128746
0
0
0
0
0
0
0
0
0
0
0
0
0
0
0
0
0
0
0
0
0
0
0
0
0
0
0
0
0
0
0
0
0
0
0
0
0
0
0
0
0
0
0
0
0
0
0
0
0
0
0
0
0
0
0
0
0
0
0
0
0
0
0
0
0
0
0
0
0
0
0
0
0
0
0
0
0
0
0
0
0
0
0
0
0
0
0
0
0
0
0
0
0
0
0
0
0
0
0
0
0
0
0
0
0
0
0
0
0
0
0
0
0
0
0
0
0
0
0
0
0
0
0
0
0
0
0
0
0
0
0
0
0
0
0
0
0
0
0
0
0
0
0
0
0
0
0
0
0
0
0.00433922
0.00433922
0.00181198
-0.0364304
0.00433922
0.00433922
0.00433922
0.00433922
0.00433922
0.00433922
0.00219345
0.00767708
-0.0105381
-0.0417233
0.00767708
0.00414848
0.00767708
0.00767708
0.00767708
0.00767708
-0.0136852
0.0253201
-0.0283718
-0.0713348
0.0253201
-0.0082016
0.0253201
0.0253201
-0.004673
0.0253201
-0.0147343
0.0221252
-0.0374317
-0.0851154
0.0346661
-0.00824928
0.0346661
0.0346661
-0.014925
0.0346661
-0.0102043
-0.0100136
-0.0141144
-0.109816
0.0392437
-0.0103951
0.0392437
0.0313759
0.00605583
0.039196
-0.0023365
-0.0023365
-0.00271797
-0.101709
0.00452995
-0.0023365
0.0473022
0.01688
0.00963211
0.0339031
0.00543594
0.0117302
0.00605583
-0.0845432
0.00548363
0.00524521
0.0339031
0.00543594
0.00529289
0.00681877
-0.000572205
0.0488281
0.0153065
-0.087595
0.0174999
-0.000762939
0.000572205
0.00686646
-0.000762939
0.00119209
-0.00882149
-0.00286102
0.0227928
-0.0995159
0.0369072
-0.00133514
-0.0126839
0.0308037
0.0218868
0.0125885
0.00915527
-0.0547886
0.0376225
-0.101995
0.0376225
0.0218868
-0.0119686
0.0376225
0.0376225
-0.0123978
0.0374794
-0.0966549
0.0374794
-0.10376
0.0374794
0.0357151
-0.00958443
0.037384
0.037384
-0.012207
0.0174999
-0.0479698
0.0174999
-0.0623226
0.0174999
0.0174999
-0.00796318
0.0174999
0.0174999
0.0133514
0.0135422
-0.0360489
0.0135422
-0.0378132
-0.0195503
0.0135422
0.0123501
0.0135422
0.0135422
0.0135422
0.0106812
0.0038147
0.0106812
-0.0391483
-0.0391483
0.0106812
0.0106812
0.0106812
0.0106812
0.0106812
0.00777245
0.00777245
0.00777245
-0.0397205
-0.0222206
0.00777245
0.00777245
0.00777245
0.00777245
0.00777245
0.00133514
0.00133514
0.00133514
-0.0118256
0.00133514
0.00133514
0.00133514
0.00133514
0.00133514
0.00133514
0
0
0
0
0
0
0
0
0
0
0
0
0
0
0
0
0
0
0
0
0
0
0
0
0
0
0
0
0
0
0
0
0
0
0
0
0
0
0
0
0
0
0
0
0
0
0
0
0
0
0
0
0
0
0
0
0
0
0
0
0
0
0
0
0
0
0
0
0
0
0
0
0
0
0
0
0
0
0
0
0
0
0
0
0
0
0
0
0
0
0
0
0
0
0
0
0
0
0
0
0
0
0
0
0
0
0
0
0
0
0
0
0
0
0
0
0
0
0
0
0
0
0
0
0
0
0
0
0
0
0
0
0
0
0
0
0
0
0
0
0
0
0
0
0
0
0
0
0
0
0.00109673
0.00109673
0.00109673
0.00109673
0.00109673
-0.00967979
0.00109673
0.00109673
0.00109673
0.00109673
0.00433922
0.00433922
0.00433922
-0.00524521
0.00433922
-0.0293732
0.00433922
0.00433922
0.00433922
0.00433922
0.00753403
0.00753403
0.00753403
-0.0232697
0.00753403
-0.0368118
0.00753403
0.00753403
0.00753403
0.00753403
0.00834465
0.0132561
0.0132561
-0.0425816
0.0132561
-0.036335
0.0132561
0.0132561
-0.00867844
0.0132561
-0.00305176
0.00948906
0.0220776
-0.0612736
0.0220776
-0.0275612
0.0220776
0.0220776
-0.0275135
0.0220776
-0.0134945
-0.0133038
0.0359058
-0.0862598
0.0359058
-0.0136852
0.0359058
0.00357628
-0.0136852
0.0296593
-0.00543594
-0.00543594
0.0441551
-0.0780106
0.0202179
-0.00543594
0.0441551
-0.00529289
-0.00567436
-0.0023365
-0.00281334
0.00343323
0.046587
-0.0850201
-0.00281334
-0.00123978
0.046587
-0.00290871
0.000286102
-0.0014782
-0.000238419
0.0274181
0.0274181
-0.114727
0.0113487
0.00133514
0.0274181
0.00662804
0.00209808
0.0113487
0.0109673
-0.0121593
0.0182152
-0.122023
0.0182152
0.0160694
0.0182152
0.0182152
0.0164032
0.0182152
0.026989
-0.0740528
0.026989
-0.0983238
0.026989
0.026989
0.026989
0.0269413
0.0269413
-0.0157833
0.0245571
-0.10252
0.0245571
-0.0439167
0.0245571
0.0245571
0.0245571
0.0245094
0.0245094
-0.0248909
0.0118256
-0.0454426
0.0118256
-0.0380039
0.0118256
0.0118256
0.0118256
0.0117779
0.0117779
0.000810623
0.0132084
-0.0364304
0.0132084
-0.0358105
-0.0199318
0.0132084
0.0132084
0.0132084
0.0132084
0.0132084
0.00844002
0.00157356
0.00844002
-0.0186443
-0.0415802
0.00844002
0.00844002
0.00844002
0.00844002
0.00844002
0.0041008
0.0041008
0.0041008
-0.0067234
-0.0258923
0.0041008
0.0041008
0.0041008
0.0041008
0.0041008
0
0
0
0
0
0
0
0
0
0
0
0
0
0
0
0
0
0
0
0
0
0
0
0
0
0
0
0
0
0
0
0
0
0
0
0
0
0
0
0
0
0
0
0
0
0
0
0
0
0
0
0
0
0
0
0
0
0
0
0
0
0
0
0
0
0
0
0
0
0
0
0
0
0
0
0
0
0
0
0
0
0
0
0
0
0
0
0
0
0
0
0
0
0
0
0
0
0
0
0
0
0
0
0
0
0
0
0
0
0
0
0
0
0
0
0
0
0
0
0
0
0
0
0
0
0
0
0
0
0
0
0
0
0
0
0
0
0
0
0
0
0
0
0
0
0
0
0
0
0
0
0
0
0
0
0
0
0
0
0
0.00267029
0.00267029
0.00267029
0.00267029
0.00267029
-0.0239849
0.00267029
0.00267029
0.00267029
0.00267029
0.00495911
0.00495911
0.00495911
0.00495911
0.00495911
-0.044632
0.00495911
0.00495911
0.00495911
0.00495911
0.00510216
0.00510216
0.00510216
0.00376701
0.00510216
-0.0444889
0.00510216
0.00510216
0.00510216
0.00510216
0.00734329
0.00734329
0.00734329
-0.0128269
0.00734329
-0.0422478
0.00734329
0.00734329
0.00395775
0.00734329
0.0127316
0.00805855
0.0127316
-0.0347614
0.0127316
-0.0288486
0.0127316
0.00433922
-0.0103951
0.0109673
0.0243187
-0.0135422
0.0243187
-0.0423431
0.0243187
-0.00214577
0.0243187
-0.0107765
-0.0233173
-0.00472069
0.0276089
-0.0219822
0.0276089
-0.0362873
0.0276089
0.00171661
0.0276089
-0.0217915
-0.00982285
-0.0217915
0.0174046
-0.0257492
0.0174046
-0.0255108
0.0174046
0.0142574
0.0174046
-0.0120163
-0.00476837
-0.0157356
0.00505447
0.00505447
0.00505447
-0.0376701
0.00505447
0.00505447
0.00505447
-0.0026226
0.00505447
0.00505447
0.00443459
-0.00181198
0.00443459
-0.033617
0.00443459
0.00443459
0.00443459
0.00443459
0.00443459
0.00443459
0.0121117
-0.0598907
0.0121117
-0.0181198
0.0121117
0.0121117
0.0121117
0.0121117
0.0121117
-0.0067234
0.0140667
-0.0472546
0.0140667
-0.0160694
0.0140667
0.0140667
0.0140667
0.0140667
0.0140667
-0.0353336
0.00605583
-4.76837e-05
0.00605583
-0.0112057
0.00605583
0.00605583
0.00605583
0.00605583
0.00605583
-0.0309944
0.00367165
0.00367165
0.00367165
-0.00596046
-0.0151157
0.00367165
0.00367165
0.00367165
0.00367165
-0.00457764
0.00500679
0.00500679
0.00500679
0.00500679
-0.0448227
0.00500679
0.00500679
0.00500679
0.00500679
0.00500679
0.00300407
0.00300407
0.00300407
0.00300407
-0.0269413
0.00300407
0.00300407
0.00300407
0.00300407
0.00300407
0
0
0
0
0
0
0
0
0
0
0
0
0
0
0
0
0
0
0
0
0
0
0
0
0
0
0
0
0
0
0
0
0
0
0
0
0
0
0
0
0
0
0
0
0
0
0
0
0
0
0
0
0
0
0
0
0
0
0
0
0
0
0
0
0
0
0
0
0
0
0
0
0
0
0
0
0
0
0
0
0
0
0
0
0
0
0
0
0
0
0
0
0
0
0
0
0
0
0
0
0
0
0
0
0
0
0
0
0
0
0
0
0
0
0
0
0
0
0
0
0
0
0
0
0
0
0
0
0
0
0
0
0
0
0
0
0
0
0
0
0
0
0
0
0
0
0
0
0
0
0
0
0
0
0
0
0
0
0
0
0
0
0
0
0
0
0
0
0
0
0
0
0
0
0
0
0
0
0
0
0
0
0
0
0
0
0
0
0
0
0
0
0
0
0
0
0
0
0
0
0.00472069
0.00472069
0.00472069
0.00472069
0.00472069
0.00472069
0.00472069
-0.0221252
0.00472069
-0.0160217
0.00991821
0.00991821
0.00991821
0.00991821
0.00991821
0.00991821
0.00991821
-0.0395298
0.00991821
-0.0396729
0.0082016
0.0082016
0.0082016
0.0082016
0.0082016
0.0082016
0.0082016
-0.0351429
0.0082016
-0.0302315
0.000905991
0.000905991
0.000905991
0.000905991
0.000905991
0.000905991
0.000905991
-0.0067234
0.000905991
-0.000476837
0
0
0
0
0
0
0
0
0
0
0
0
0
0
0
0
0
0
0
0
0.000286102
0.000286102
0.000286102
0.000286102
0.000286102
0.000286102
0.000286102
0.000286102
0.000286102
-0.00247955
0.00362396
0.00362396
0.00362396
0.00362396
0.00362396
0.00362396
0.00362396
0.00362396
0.00362396
-0.0324726
0.00495911
0.00495911
0.00495911
0.00495911
0.00495911
0.00495911
0.00495911
0.00495911
0.00495911
-0.0444412
0.00338554
0.00338554
0.00338554
0.00338554
0.00338554
0.00338554
0.00338554
0.00338554
0.00338554
-0.0299931
0.000238419
0.000238419
0.000238419
0.000238419
0.000238419
0.000238419
0.000238419
0.000238419
0.000238419
-0.00195503
0
0
0
0
0
0
0
0
0
0
0
0
0
0
0
0
0
0
0
0
0
0
0
0
0
0
0
0
0
0
0
0
0
0
0
0
0
0
0
0
0
0
0
0
0
0
0
0
0
0
0
0
0
0
0
0
0
0
0
0
0
0
0
0
0
0
0
0
0
0
0
0
0
0
0
0
0
0
0
0
0
0
0
0
0
0
0
0
0
0
0
0
0
0
0
0
0
0
0
0
0
0
0
0
0
0
0
0
0
0
0
0
0
0
0
0
0
0
0
0
0
0
0
0
0
0
0
0
0
0
0
0
0
0
0
0
0
0
0
0
0
0
0
0
0
0
0
0
0
0
0
0
0
0
0
0
0
0
0
0
0
0
0
0
0
0
0
0
0
0
0
0
0
0
0
0
0
0
0
0
0
0
0
0
0
0
0
0
0
0
0
0
0
0
0
0
0
0
0
0
0.00109673
0.00109673
0.00109673
0.00109673
0.00109673
0.00109673
0.00109673
0.00109673
0.00109673
-0.00953674
0.00576973
0.00576973
0.00576973
0.00576973
0.00576973
0.00576973
0.00576973
-0.00734329
0.00576973
-0.0389576
0.00748634
0.00748634
0.00748634
0.00748634
0.00748634
0.00748634
0.00748634
-0.0419617
0.00748634
-0.017786
0.00209808
0.00209808
0.00209808
0.00209808
0.00209808
0.00209808
0.00209808
-0.0133991
0.00209808
-0.00338554
0
0
0
0
0
0
0
0
0
0
0
0
0
0
0
0
0
0
0
0
0
0
0
0
0
0
0
0
0
0
0
0
0
0
0
0
0
0
0
0
0.000286102
0.000286102
0.000286102
0.000286102
0.000286102
0.000286102
0.000286102
0.000286102
0.000286102
-0.00247955
0.00290871
0.00290871
0.00290871
0.00290871
0.00290871
0.00290871
0.00290871
0.00290871
0.00290871
-0.0259399
0.00495911
0.00495911
0.00495911
0.00495911
0.00495911
0.00495911
0.00495911
0.00495911
0.00495911
-0.0444412
0.000858307
0.000858307
0.000858307
0.000858307
0.000858307
0.000858307
0.000858307
0.000858307
0.000858307
-0.00739098
0
0
0
0
0
0
0
0
0
0
0
0
0
0
0
0
0
0
0
0
0
0
0
0
0
0
0
0
0
0
0
0
0
0
0
0
0
0
0
0
0
0
0
0
0
0
0
0
0
0
0
0
0
0
0
0
0
0
0
0
0
0
0
0
0
0
0
0
0
0
0
0
0
0
0
0
0
0
0
0
0
0
0
0
0
0
0
0
0
0
0
0
0
0
0
0
0
0
0
0
0
0
0
0
0
0
0
0
0
0
0
0
0
0
0
0
0
0
0
0
0
0
0
0
0
0
0
0
0
0
0
0
0
0
0
0
0
0
0
0
0
0
0
0
0
0
0
0
0
0
0
0
0
0
0
0
0
0
0
0
0
0
0
0
0
0
0
0
0
0
0
0
0
0
0
0
0
0
0
0
0
0
0
0
0
0
0
0
0
0
0
0
0
0
0
0
0
0
0
0
0
0
0
0
0
0
0
0
0
0
0
0
0
0
0
0
0
0
0
0
0
0
0
0
0
0
0
0
0
0
0
0
0
0
0
0
0
0
0
0
0
0
0
0
0
0
0
0
0
0
0
0
0
0
0
0
0
0
0
0
0
0
0
0
0
0
0
0
0
0
0
0
0
0
0
0
0
0
0
0
0
0
0
0
0
0
0
0
0
0
0
0
0
0
0
0
0
0
0
0
0
0
0
0
0
0
0
0
0
0
0
0
0
0
0
0
0
0
0
0
0
0
0
0
0
0
0
0
0
0
0
0
0
0
0
0
0
0
0
0
0
0
0
0
0
0
0
0
0
0
0
0
0
0
0
0
0
0
0
0
0
0
0
0
0
0
0
0
0
0
0
0
0
0
0
0
0
0
0
0
0
0
0
0
0
0
0
0
0
0
0
0
0
0
0
0
0
0
0
0
0
0
0
0
0
0
0
0
0
0
0
0
0
0
0
0
0
0
0
0
0
0
0
0
0
0
0
0
0
0
0
0
0
0
0
0
0
0
0
0
0
0
0
0
0
0
0
0
0
0
0
0
0
0
0
0
0
0
0
0
0
0
0
0
0
0
0
0
0
0
0
0
0
0
0
0
0
0
0
0
0
0
0
0
0
0
0
0
0
0
0
0
0
0
0
0
0
0
0
0
0
0
0
0
0
0
0
0
0
0
0
0
0
0
0
0
0
0
0
0
0
0
0
0
0
0
0
0
0
0
0
0
0
0
0
0
0
0
0
0
0
0
0
0
0
0
0
0
0
0
0
0
0
0
0
0
0
0
0
0
0
0
0
0
0
0
0
0
0
0
0
0
0
0
0
0
0
0
0
0
0
0
0
0
0
0
0
0
0
0
0
0
0
0
0
0
0
0
0
0
0
0
0
0
0
0
0
0
0
0
0
0
0
0
0
0
0
0
0
0
0
0
0
0
0
0
0
0
0
0
0
0
0
0
0
0
0
0
0
0
0
0
0
0
0
0
0
0
0
0
0
0
0
0
0
0
0
0
0
0
0
0
0
0
0
0
0
0
0
0
0
0
0
0
0
0
0
0
0
0
0
0
0
0
0
0
0
0
0
0
0
0
0
0
0
0
0
0
0
0
0
0
0
0
0
0
0
0
0
0
0
0
0
0
0
0
0
0
0
0
0
0
0
0
0
0
0
0
0
0
0
0
0
0
0
0
0
0
0
0
0
0
0
0
0
0
0
0
0
0
0
0
0
0
0
0
0
0
0
0
0
0
0
0
0
0
0
0
0
0
0
0
0
0
0
0
0
0
0
0
0
0
0
0
0
0
0
0
0
0
0
0
0
0
0
0
0
0
0
0
0
0
0
0
0
0
0
0
0
0
0
0
0
0
0
0
0
0
0
0
0
0
0
0
0
0
0
0
0
0
0
0
0
0
0
0
0
0
0
0
0
0
0
0
0
0
0
0
0
0
0
0
0
0
0
0
0
0
0
0
0
0
0
0
0
0
0
0
0
0
0
0
0
0
0
0
0
0
0
0
0
0
0
0
0
0
0
0
0
0
0
0
0
0
0
0
0
0
0
0
0
0
0
0
0
0
0
0
0
0
0
0
0
0
0
0
0
0
0
0
0
0
0
0
0
0
0
0
0
0
0
0
0
0
0
0
0
0
0
0
0
0
0
0
0
0
0
0
0
0
0
0
0
0
0
0
0
0
0
0
0
0
0
0
0
0
0
0
0
0
0
0
0
0
0
0
0
0
0
0
0
0
0
0
0
0
0
0
0
0
0
0
0
0
0
0
0
0
0
0
0
0
0
0
0
0
0
0
0
0
0
0
0
0
0
0
0
0
0
0
0
0
0
0
0
0
0
0
0
0
0
0
0
0
0
0
0
0
0
0
0
0
0
0
0
0
0
0
0
0
0
0
0
0
0
0
0
0
0
0
0
0
0
0
0
0
0
0
0
0
0
0
0
0
0
0
0
0
0
0
0
0
0
0
0
0
0
0
0
0
0
0
0
0
0
0
0
0
0
0
0
0
0
0
0
0
0
0
0
0
0
0
0
0
0
0
0
0
0
0
0
0
0
0
0
0
0
0
0
0
0
0
0
0
0
0
0
0
0
0
0
0
0
0
0
0
0
0
0
0
0
0
0
0
0
0
0
0
0
0
0
0
0
0
0
0
0
0
0
0
0
0
0
0
0
0
0
0
0
0
0
0
0
0
0
0
0
0
0
0
0
0
0
0
0
0
0
0
0
0
0
0
0
0
0
0
0
0
0
0
0
0
0
0
0
0
0
0
0
0
0
0
0
0
0
0
0
0
0
0
0
0
0
0
0
0
0
0
0
0
0
0
0
0
0
0
0
0
0
0
0
0
0
0
0
0
0
0
0
0
0
0
0
0
0
0
0
0
0
0
0
0
0
0
0
0
0
0
0
0
0
0
0
0
0
0
0
0
0
0
0
0
0
0
0
0
0
0
0
0
0
0
0
0
0
0
0
0
0
0
0
0
0
0
0
0
0
0
0
0
0
0
0
0
0
0
0
0
0
0
0
0
0
0
0
0
0
0
0
0
0
0
0
0
0
0
0
0
0
0
0
0
0
0
0
0
0
0
0
0
0
0
0
0
0
0
0
0
0
0
0
0
0
0
0
0
0
0
0
0
0
0
0
0
0
0
0
0
0
0
0
0
0
0
0
0
0
0
0
0
0
0
0
0
0
0
0
0
0
0
0
0
0
0
0
0
0
0
0
0
0
0
0
0
0
0
0
0
0
0
0
0
0
0
0
0
0
0
0
0
0
0
0
0
0
0
0
0
0
0
0
0
0
0
0
0
0
0
0
0
0
0
0
0
0
0
0
0
0
0
0
0
0
0
0
0
0
0
0
0
0
0
0
0
0
0
0
0
0
0
0
0
0
0
0
0
0
0
0
0
0
0
0
0
0
0
0
0
0
0
0
0
0
0
0
0
0
0
0
0
0
0
0
0
0
0
0
0
0
0
0
0
0
0
0
0
0
0
0
0
0
0
0
0
0
0
0
0
0
0
0
0
0
0
0
0
0
0
0
0
0
0
0
0
0
0
0
0
0
0
0
0
0
0
0
0
0
0
0
0
0
0
0
0
0
0
0
0
0
0
0
0
0
0
0
0
0
0
0
0
0
0
0
0
0
0
0
0
0
0
0
0
0
0
0
0
0
0
0
0
0
0
0
0
0
0
0
0
0
0
0
0
0
0
0
0
0
0
0
0
0
0
0
0
0
0
0
0
0
0
0
0
0
0
0
0
0
0
0
0
0
0
0
0
0
0
0
0
0
0
0
0
0
0
0
0
0
0
0
0
0
0
0
0
0
0
0
0
0
0
0
0
0
0
0
0
0
0
0
0
0
0
0
0
0
0
0
0
0
0
0
0
0
0
0
0
0
0
0
0
0.0500679
-0.0998974
4.76837e-05
-0.0498295
9.53674e-05
9.53674e-05
0.000143051
0.0501156
0.0501156
4.76837e-05
